0 ~Duplo Plate  2 x  2 with Hinge Extended on Side and Red Gaskets - Half
0 Name: s\65084s01.dat
0 Author: Peter Blomberg [WUIt]
0 !LDRAW_ORG Unofficial_Subpart
0 !LICENSE Licensed under CC BY 4.0 : see CAreadme.txt

0 BFC CERTIFY CCW

0 // bottom reinforcements
2 24 32 23 98.5 32 23 101.5
2 24 32 23 101.5 36 23 101.5
2 24 36 23 101.5 36 23 98.5
2 24 36 23 98.5 32 23 98.5
2 24 32 11 98.5 32 23 98.5
2 24 32 11 101.5 32 23 101.5
2 24 36 4 98.5 36 23 98.5
2 24 36 4 101.5 36 23 101.5
4 16 36 23 98.5 32 23 98.5 32 23 101.5 36 23 101.5
4 16 32 11 98.5 32 11 101.5 32 23 101.5 32 23 98.5
4 16 32 11 101.5 36 4 101.5 36 23 101.5 32 23 101.5
4 16 36 4 98.5 32 11 98.5 32 23 98.5 36 23 98.5
2 24 26.5 11 98.5 26.5 11 101.5
2 24 26.5 11 101.5 32 11 101.5
2 24 32 11 101.5 32 11 98.5
2 24 32 11 98.5 26.5 11 98.5
2 24 26.5 4 101.5 36 4 101.5
2 24 36 4 98.5 26.5 4 98.5
2 24 26.5 4 98.5 26.5 11 98.5
2 24 26.5 4 101.5 26.5 11 101.5
4 16 32 11 98.5 26.5 11 98.5 26.5 11 101.5 32 11 101.5
4 16 26.5 4 101.5 36 4 101.5 32 11 101.5 26.5 11 101.5
4 16 36 4 98.5 26.5 4 98.5 26.5 11 98.5 32 11 98.5
0 // reinforcements
1 16 26 4 0 -10 0 0 0 4 0 0 0 -1.5 box3u5p.dat
1 16 16 4 0 -1.5 0 0 0 4 0 0 0 1.5 boxjcyl4.dat
1 16 26 4 40 -10 0 0 0 4 0 0 0 -1.5 box3u5p.dat
1 16 16 4 40 -1.5 0 0 0 4 0 0 0 1.5 boxjcyl4.dat

0 // bottom helm
4 16 40 24 -40 36 24 -36 36 24 76 40 24 80
3 16 36 24 76 36 24 80 40 24 80
2 24 40 24 -40 40 24 80
2 24 40 24 -40 40 0 -40

0 // large box inner surface
3 16 36 4 -36 16 4 -16 16 4 0
4 16 36 4 76 36 4 -36 16 4 0 16 4 16
4 16 21.5 4 72 16 4 16 0 4 16 18.5 4 71
4 16 25.5 4 76 36 4 76 16 4 16 21.5 4 72
3 16 0 4 -16 16 4 -16 36 4 -36

0 // inner cyl
0 BFC INVERTNEXT
1 16 40 -5 120 0 -13.5 0 0 0 15.2 -15.2 0 0 1-8cylo.dat
1 16 26.5 -5 120 0 -1 0 0 0 15.2 -15.2 0 0 1-8chrd.dat

0 // outer surfaces
3 16 40 0 -40 14 0 -14 0 0 -14
4 16 0 0 14 14 0 14 22.5 0 74 16.5 0 74
3 16 14 0 0 40 0 -40 14 0 14
3 16 14 0 -14 40 0 -40 14 0 0
4 16 14 0 14 40 0 -40 40 0 101 22.5 0 74
2 24 40 0 -40 40 0 101
4 16 40 24 -40 40 24 80 40 0 101 40 0 -40
1 16 40 -5 120 0 -1 0 0 0 15.2 -15.2 0 0 1-8tang.dat
0 // 5 decimals needed
3 16 40 0 101 40 3.6108 107.11344 40 .81704 105.95672
3 16 40 0 101 40 .81704 105.95672 40 -1.97672 104.8
4 16 40 -1.97672 104.8 40 -5 104.8 40 -5 101 40 0 101
4 16 40 3.6108 107.11344 40 0 101 40 24 80 40 5.74792 109.25208

0 // notches
1 16 20 4 -34 1.5 0 0 0 19 0 0 0 2 box4-1.dat
1 16 34 4 20 0 0 -2 0 19 0 -1.5 0 0 box4-1.dat
1 16 34 4 -20 0 0 -2 0 19 0 -1.5 0 0 box4-1.dat
1 16 34 4 60 0 0 -2 0 19 0 -1.5 0 0 box4-1.dat